[[[226 137 125]
  [226 137 125]
  [223 137 133]
  ...
  [230 148 122]
  [221 130 110]
  [200  99  90]]

 [[226 137 125]
  [226 137 125]
  [223 137 133]
  ...
  [230 148 122]
  [221 130 110]
  [200  99  90]]

 [[226 137 125]
  [226 137 125]
  [223 137 133]
  ...
  [230 148 122]
  [221 130 110]
  [200  99  90]]

 ...

 [[ 84  18  60]
  [ 84  18  60]
  [ 92  27  58]
  ...
  [173  73  84]
  [172  68  76]
  [177  62  79]]

 [[ 82  22  57]
  [ 82  22  57]
  [ 96  32  62]
  ...
  [179  70  79]
  [181  71  81]
  [185  74  81]]

 [[ 82  22  57]
  [ 82  22  57]
  [ 96  32  62]
  ...
  [179  70  79]
  [181  71  81]
  [185  74  81]]]